latitude: 31.680407     # deg N
longitude: -110.878977  # deg E
elevation: 2316.0       # m
